 0.65               2.30784                      0	0.286095
 0.75               1.766                        0	0.188539
 0.9                1.36499                      0	0.120462
 1.1                1.08357                      0	0.0938185
 1.3                0.848352                     0	0.0735614
 1.5                0.555214                     0	0.0465812  
 1.7                0.3298                       0	0.0279053
 1.9                0.213435                     0	0.0183726
 2.1                0.126735                     0	0.0123168
 2.3                0.0768405                    0	0.007697
 2.5                0.0419265                    0	0.00389162
 2.7                0.02600                      0	0.00245634
 2.9                0.0151173                    0	0.00248069
 3.175              0.00665018                   0	0.00109393
 3.575              0.00233379                   0	0.000380526
 4.1                0.000549773                  0	9.23595e-05
 4.75               0.0001                       0	1.78261e-05

