5.500e-01	4.08e+00	0	4.08e-01	(syst)
6.500e-01	3.92e+00	0	3.92e-01	(syst)
7.500e-01	3.67e+00	0	3.67e-01	(syst)
8.500e-01	3.36e+00	0	3.36e-01	(syst)
9.500e-01	3.03e+00	0	3.03e-01	(syst)
1.050e+00	2.52e+00	0	2.52e-01	(syst)
1.150e+00	2.01e+00	0	2.01e-01	(syst)
1.300e+00	1.35e+00	0	1.35e-01	(syst)
1.500e+00	8.22e-01	0	8.22e-02	(syst)
1.700e+00	5.02e-01	0	5.02e-02	(syst)
1.900e+00	2.92e-01	0	2.92e-02	(syst)
2.100e+00	1.66e-01	0	2.48e-02	(syst)
2.350e+00	8.40e-02	0	1.26e-02	(syst)
2.625e+00	3.45e-02	0	6.50e-03	(syst)
2.750e+00	2.73e-02	0	4.10e-03	(syst)
2.875e+00	1.60e-02	0	2.89e-03	(syst)
3.125e+00	7.78e-03	0	1.43e-03	(syst)
3.375e+00	3.85e-03	0	7.08e-04	(syst)
3.390e+00	3.85e-03	0	5.77e-04	(syst)
3.625e+00	1.97e-03	0	3.87e-04	(syst)
3.875e+00	1.02e-03	0	2.06e-04	(syst)
4.250e+00	4.23e-04	0	8.51e-05	(syst)
4.750e+00	1.38e-04	0	3.13e-05	(syst)
5.250e+00	5.08e-05	0	1.11e-05	(syst)
5.750e+00	2.26e-05	0	4.85e-06	(syst)
6.430e+00	7.53e-06	0	1.69e-06	(syst)
7.440e+00	2.00e-06	0	4.55e-07	(syst)
8.810e+00	4.70e-07	0	1.05e-07	(syst)
1.085e+01	1.03e-07	0	4.44e-08	(syst)
