0.65               2.83599                      0	0.33435
 0.75               2.39640                      0	0.247236
 0.9                1.83184                      0	0.160367
 1.1                1.44632                      0	0.124649
 1.3                1.11520                      0	0.096413
 1.5                0.736476                     0	0.0617669
 1.7                0.433343                     0	0.0366523
 1.9                0.27969                      0	0.0240648
 2.1                0.163797                     0	0.0159121
 2.3                0.09883                      0	0.00989397
 2.5                0.055582                     0	0.00515282
 2.7                0.032521                     0	0.00306859
 2.9                0.01885                      0	0.00309127
 3.175              0.00861539                   0	0.00141612
 3.575              0.00307043                   0	0.000499559
 4.1                0.00072535                   0	0.000121332
 4.75               0.000129439                  0	2.25745e-05

