3.500e-01 	1.83e+02	0	9.16e+00	
4.500e-01 	1.12e+02	0	5.59e+00	
5.500e-01 	6.93e+01	0	3.47e+00	
6.500e-01 	4.38e+01	0	2.19e+00	
7.500e-01 	2.81e+01	0	1.40e+00	
8.500e-01 	1.82e+01	0	1.27e+00	
9.500e-01 	1.19e+01	0	8.35e-01	
1.050e+00 	7.95e+00	0	5.56e-01	
1.150e+00 	5.47e+00	0	2.74e-01	
1.300e+00 	3.09e+00	0	1.54e-01	
1.500e+00 	1.48e+00	0	7.39e-02	
1.700e+00 	7.23e-01	0	3.62e-02	
1.900e+00 	3.64e-01	0	1.82e-02	
2.100e+00 	1.94e-01	0	1.94e-02	
2.350e+00 	8.79e-02	0	8.79e-03	
2.625e+00 	4.13e-02	0	2.89e-03	
2.750e+00 	3.05e-02	0	3.05e-03
2.875e+00 	2.06e-02	0	1.44e-03	
3.125e+00 	1.04e-02	0	7.29e-04	
3.375e+00 	5.47e-03	0	3.83e-04	
3.400e+00 	4.87e-03	0	4.87e-04
3.625e+00 	2.96e-03	0	2.07e-04	
3.875e+00 	1.66e-03	0	1.16e-04	
4.250e+00 	7.61e-04	0	5.33e-05	
4.750e+00 	2.91e-04	0	2.04e-05
5.250e+00 	1.28e-04	0	8.96e-06
5.750e+00 	5.49e-05	0	3.84e-06
6.440e+00 	2.14e-05	0	1.50e-06
7.450e+00 	6.83e-06	0	4.78e-07
8.830e+00 	2.03e-06	0	2.24e-07
1.086e+01 	3.33e-07	0	5.33e-08
