3.500e-01 	1.85e+02	0	1.95e-01
4.500e-01 	1.13e+02	0	1.27e-01
5.500e-01 	7.00e+01	0	8.94e-02
6.500e-01 	4.42e+01	0	6.46e-02
7.500e-01 	2.83e+01	0	4.74e-02
8.500e-01 	1.83e+01	0	3.53e-02
9.500e-01 	1.20e+01	0	2.68e-02
1.050e+00 	7.98e+00	0	2.05e-02
1.150e+00 	5.52e+00	0	1.44e-01
1.300e+00 	3.11e+00	0	1.01e-01
1.500e+00 	1.49e+00	0	3.01e-02
1.700e+00 	7.33e-01	0	1.35e-02
1.900e+00 	3.69e-01	0	8.18e-03
2.100e+00 	1.97e-01	0	5.11e-03
2.350e+00 	8.94e-02	0	2.33e-03
2.625e+00 	4.08e-02	0	7.57e-05
2.750e+00 	3.03e-02	0	5.56e-04
2.875e+00 	2.05e-02	0	4.38e-05
3.125e+00 	1.04e-02	0	2.84e-05
3.375e+00 	5.45e-03	0	1.78e-05
3.400e+00 	4.86e-03	0	1.56e-04
3.625e+00 	2.97e-03	0	1.19e-05
3.875e+00 	1.67e-03	0	8.69e-06
4.250e+00 	7.77e-04	0	3.86e-06
4.750e+00 	2.99e-04	0	2.20e-06
5.250e+00 	1.29e-04	0	1.39e-06
5.750e+00 	5.70e-05	0	7.43e-07
6.440e+00 	2.22e-05	0	3.66e-07
7.450e+00 	7.27e-06	0	1.90e-07
8.830e+00 	2.03e-06	0	6.89e-08
1.086e+01 	3.98e-07	0	2.71e-08
