5.500e-01 	5.29e+00	0	5.29e-01	(syst)
6.500e-01 	5.00e+00	0	5.00e-01	(syst)
7.500e-01 	4.60e+00	0	4.60e-01	(syst)
8.500e-01 	4.24e+00	0	4.24e-01	(syst)
9.500e-01 	3.79e+00	0	3.79e-01	(syst)
1.050e+00 	3.20e+00	0	3.20e-01	(syst)
1.150e+00 	2.60e+00	0	2.60e-01	(syst)
1.300e+00 	1.78e+00	0	1.78e-01	(syst)
1.500e+00 	1.08e+00	0	1.08e-01	(syst)
1.700e+00 	6.55e-01	0	6.55e-02	(syst)
1.900e+00 	3.83e-01	0	3.83e-02	(syst)
2.100e+00 	2.22e-01	0	3.33e-02	(syst)
2.350e+00 	1.11e-01	0	1.66e-02	(syst)
2.625e+00 	4.38e-02	0	8.25e-03	(syst)
2.750e+00 	3.61e-02	0	5.42e-03	(syst)
2.875e+00 	2.06e-02	0	3.71e-03	(syst)
3.125e+00 	1.01e-02	0	1.85e-03	(syst)
3.375e+00 	5.04e-03	0	9.25e-04	(syst)
3.390e+00 	5.29e-03	0	7.93e-04	(syst)
3.625e+00 	2.58e-03	0	5.06e-04	(syst)
3.875e+00 	1.35e-03	0	2.71e-04	(syst)
4.250e+00 	5.67e-04	0	1.14e-04	(syst)
4.750e+00 	1.91e-04	0	4.32e-05	(syst)
5.250e+00 	7.16e-05	0	1.56e-05	(syst)
5.750e+00 	3.24e-05	0	6.94e-06	(syst)
6.430e+00 	1.06e-05	0	2.39e-06	(syst)
7.440e+00 	2.81e-06	0	6.40e-07	(syst)
8.810e+00 	7.74e-07	0	1.73e-07	(syst)
1.085e+01 	1.63e-07	0	7.01e-08	(syst)
